Paige Champagne

Geometric sequence: 6    18    54    162    486    1458    4374    13122    39366    118098    354294    1062882    3188646    9565938    28697814    86093442    258280326    774840978    
Sum of sequence from 2 to 18 term is 1162261458

Arithmetic sequence: 1    8    15    22    29    36    43    50    57    64    71    78    85    92    99    106    113    120    127    134    141    148    155    162    169    176    183    190    197    204    
Sum of sequence from 1 to 10 term is 325

Geometric sequence: 5    40    320    2560    20480    163840    1310720    10485760    83886080    671088640    1073741824    0    0    0    0    0    0    0    0    0    0    0    0    0    0    
Sum of sequence from 3 to 8 term is 11983680

Geometric sequence: 9    81    729    6561    59049    531441    4782969    43046721    387420489    -808182895    1316288537    -1038305055    -754810903    1796636465    -1010140999    -501334399    -217042295    -1953380655    -400556711    689956897    1914644777    51933809    467404281    -88328767    -794958903    1435304465    32838297    295544673    -1635065239    -1830685263    703701817    2038349057    1165272329    1897516369    -102221863    
Sum of sequence from 8 to 27 term is 568433156

Arithmetic sequence: 7    12    17    22    27    32    37    42    47    52    57    62    67    72    77    82    87    92    97    102    107    112    117    122    127    132    137    142    147    152    157    162    167    172    177    
Sum of sequence from 3 to 18 term is 872

Geometric sequence: 5    -35    245    -1715    12005    -84035    588245    -4117715    28824005    -201768035    1412376245    -1296699123    486959269    886252413    -1908799595    476695277    958100357    1883232093    -297722763    2084059341    -1703513499    -960307395    -1867782827    189577901    -1327045307    699382557    -600710603    
Sum of sequence from 3 to 25 term is -1161164613

Arithmetic sequence: 9    6    3    0    -3    -6    -9    -12    -15    -18    -21    -24    -27    -30    -33    -36    -39    -42    -45    -48    -51    -54    -57    -60    -63    -66    -69    -72    -75    -78    -81    -84    -87    -90    
Sum of sequence from 4 to 27 term is -828

